% Analyse des mélodies ayant donné lieu à fausse alarme dans sournote5 avec l'échelle 3.
% Au début, on définit une matrice FA de 'N_FA' lignes et 7 colonnes ; 
% chaque ligne correspond à un vecteur pattern_2_demitons. 
% Output : une table de 7 lignes correspondant aux 7 notes de l'échelle (0, 2.4, 4.8, 7.2, 9.6, 12, 14.4)
% et 7 colonnes correspondant aux 8 positions temporelles ;
% dans chaque cellule, le nombre de fausses alarmes pour cette note à cette position temporelle.
% Le total de chaque ligne et chaque colonne est égal à N_FA.

FA = [2.40	4.80	9.60	12.00	0.00	14.40	7.20
4.80	9.60	12.00	0.00	7.20	14.40	2.40
9.60	14.40	0.00	4.80	7.20	2.40	12.00
14.40	0.00	9.60	2.40	7.20	12.00	4.80
12.00	4.80	7.20	0.00	9.60	14.40	2.40
4.80	7.20	0.00	14.40	2.40	12.00	9.60
0.00	14.40	2.40	7.20	4.80	9.60	12.00
14.40	12.00	9.60	0.00	4.80	7.20	2.40
4.80	14.40	12.00	7.20	9.60	0.00	2.40
7.20	12.00	9.60	4.80	0.00	14.40	2.40
9.60	0.00	4.80	7.20	2.40	12.00	14.40
0.00	12.00	7.20	9.60	4.80	14.40	2.40
4.80	7.20	9.60	0.00	14.40	12.00	2.40
0.00	4.80	9.60	7.20	14.40	12.00	2.40
4.80	0.00	7.20	2.40	14.40	12.00	9.60
7.20	12.00	4.80	14.40	9.60	0.00	2.40
4.80	7.20	0.00	9.60	12.00	14.40	2.40
4.80	14.40	7.20	12.00	0.00	9.60	2.40
7.20	0.00	9.60	4.80	12.00	14.40	2.40
7.20	4.80	2.40	9.60	0.00	12.00	14.40
7.20	2.40	9.60	0.00	12.00	14.40	4.80
9.60	0.00	7.20	14.40	12.00	2.40	4.80
4.80	9.60	12.00	2.40	7.20	0.00	14.40
7.20	4.80	2.40	0.00	9.60	12.00	14.40
12.00	4.80	14.40	9.60	0.00	2.40	7.20
14.40	7.20	4.80	2.40	12.00	9.60	0.00
0.00	2.40	12.00	7.20	4.80	9.60	14.40
0.00	7.20	12.00	4.80	9.60	14.40	2.40
4.80	14.40	9.60	0.00	7.20	12.00	2.40
4.80	2.40	14.40	9.60	12.00	7.20	0.00
14.40	12.00	9.60	4.80	0.00	2.40	7.20
14.40	12.00	0.00	2.40	9.60	7.20	4.80
9.60	0.00	14.40	12.00	4.80	2.40	7.20
4.80	14.40	0.00	9.60	12.00	7.20	2.40
9.60	7.20	14.40	4.80	12.00	2.40	0.00
7.20	2.40	12.00	9.60	14.40	0.00	4.80
4.80	2.40	14.40	12.00	9.60	0.00	7.20
9.60	7.20	0.00	12.00	2.40	14.40	4.80
0.00	12.00	7.20	2.40	4.80	9.60	14.40
12.00	9.60	7.20	4.80	2.40	14.40	0.00
0.00	9.60	7.20	4.80	2.40	14.40	12.00
12.00	9.60	14.40	0.00	7.20	4.80	2.40
2.40	14.40	9.60	7.20	4.80	0.00	12.00
0.00	9.60	14.40	2.40	7.20	12.00	4.80
7.20	2.40	9.60	0.00	14.40	12.00	4.80
2.40	14.40	12.00	9.60	4.80	7.20	0.00
0.00	2.40	4.80	7.20	14.40	12.00	9.60
4.80	12.00	14.40	0.00	2.40	9.60	7.20
0.00	12.00	9.60	14.40	4.80	2.40	7.20
0.00	7.20	14.40	12.00	9.60	2.40	4.80
14.40	12.00	2.40	9.60	7.20	4.80	0.00
14.40	2.40	4.80	9.60	0.00	12.00	7.20
12.00	9.60	7.20	4.80	2.40	0.00	14.40
2.40	7.20	12.00	9.60	0.00	14.40	4.80
12.00	2.40	9.60	0.00	14.40	7.20	4.80
0.00	14.40	9.60	7.20	4.80	2.40	12.00
7.20	4.80	2.40	12.00	0.00	14.40	9.60
4.80	0.00	9.60	2.40	14.40	12.00	7.20
12.00	2.40	9.60	4.80	14.40	0.00	7.20
12.00	9.60	14.40	7.20	0.00	2.40	4.80
12.00	4.80	14.40	0.00	2.40	9.60	7.20
2.40	14.40	7.20	9.60	0.00	12.00	4.80
4.80	2.40	9.60	12.00	0.00	7.20	14.40
4.80	2.40	14.40	0.00	12.00	9.60	7.20
2.40	14.40	0.00	12.00	7.20	4.80	9.60
7.20	0.00	2.40	4.80	14.40	12.00	9.60
14.40	7.20	0.00	4.80	2.40	9.60	12.00
2.40	0.00	9.60	14.40	7.20	12.00	4.80
4.80	14.40	12.00	9.60	7.20	2.40	0.00
2.40	0.00	12.00	9.60	4.80	14.40	7.20
12.00	14.40	7.20	4.80	9.60	0.00	2.40
4.80	2.40	9.60	0.00	7.20	14.40	12.00
0.00	2.40	14.40	12.00	4.80	9.60	7.20
9.60	7.20	4.80	0.00	14.40	12.00	2.40
2.40	0.00	4.80	14.40	7.20	12.00	9.60
14.40	12.00	9.60	7.20	4.80	2.40	0.00
12.00	9.60	4.80	7.20	14.40	0.00	2.40
0.00	2.40	9.60	7.20	12.00	14.40	4.80
2.40	12.00	4.80	14.40	0.00	9.60	7.20
2.40	7.20	4.80	9.60	0.00	12.00	14.40
7.20	2.40	14.40	4.80	0.00	9.60	12.00
4.80	2.40	7.20	9.60	12.00	14.40	0.00
0.00	7.20	14.40	4.80	9.60	12.00	2.40
9.60	0.00	7.20	4.80	2.40	14.40	12.00
12.00	4.80	0.00	14.40	9.60	7.20	2.40
7.20	4.80	9.60	14.40	0.00	12.00	2.40
2.40	14.40	7.20	4.80	0.00	12.00	9.60
0.00	12.00	4.80	14.40	7.20	2.40	9.60
2.40	7.20	14.40	4.80	12.00	0.00	9.60
0.00	12.00	7.20	14.40	9.60	4.80	2.40
12.00	14.40	0.00	9.60	4.80	7.20	2.40
12.00	9.60	2.40	14.40	0.00	4.80	7.20
4.80	7.20	14.40	2.40	12.00	0.00	9.60
0.00	7.20	9.60	14.40	2.40	12.00	4.80
2.40	12.00	14.40	4.80	9.60	7.20	0.00
12.00	4.80	7.20	14.40	2.40	9.60	0.00
4.80	9.60	0.00	7.20	14.40	12.00	2.40
7.20	2.40	4.80	9.60	0.00	12.00	14.40
7.20	2.40	4.80	9.60	12.00	14.40	0.00
12.00	14.40	0.00	2.40	9.60	4.80	7.20
4.80	0.00	2.40	9.60	14.40	12.00	7.20
7.20	14.40	2.40	4.80	12.00	0.00	9.60
12.00	0.00	7.20	9.60	4.80	14.40	2.40
0.00	14.40	2.40	7.20	12.00	9.60	4.80
2.40	0.00	9.60	12.00	14.40	4.80	7.20
4.80	12.00	9.60	14.40	7.20	2.40	0.00
0.00	4.80	12.00	7.20	14.40	9.60	2.40
7.20	14.40	2.40	9.60	12.00	0.00	4.80
9.60	12.00	0.00	2.40	14.40	4.80	7.20
2.40	9.60	0.00	12.00	14.40	7.20	4.80
2.40	0.00	14.40	4.80	9.60	12.00	7.20
4.80	14.40	12.00	0.00	9.60	7.20	2.40
7.20	0.00	2.40	14.40	4.80	9.60	12.00
12.00	2.40	0.00	14.40	9.60	7.20	4.80
7.20	14.40	0.00	12.00	2.40	4.80	9.60
0.00	4.80	9.60	14.40	7.20	12.00	2.40
12.00	7.20	2.40	4.80	14.40	9.60	0.00
9.60	12.00	7.20	2.40	4.80	14.40	0.00
2.40	14.40	12.00	0.00	4.80	7.20	9.60
2.40	0.00	12.00	14.40	4.80	9.60	7.20
9.60	2.40	4.80	7.20	12.00	14.40	0.00
2.40	14.40	4.80	0.00	12.00	9.60	7.20
2.40	4.80	7.20	14.40	12.00	0.00	9.60
7.20	0.00	9.60	12.00	2.40	14.40	4.80
12.00	0.00	9.60	4.80	14.40	7.20	2.40
9.60	0.00	4.80	7.20	14.40	12.00	2.40
4.80	0.00	2.40	9.60	12.00	14.40	7.20
14.40	4.80	7.20	0.00	9.60	12.00	2.40
2.40	4.80	0.00	14.40	7.20	9.60	12.00
2.40	9.60	0.00	4.80	7.20	14.40	12.00
14.40	0.00	12.00	9.60	4.80	7.20	2.40
0.00	9.60	7.20	12.00	14.40	4.80	2.40
9.60	0.00	4.80	2.40	7.20	12.00	14.40
9.60	7.20	0.00	12.00	2.40	14.40	4.80
14.40	12.00	0.00	9.60	2.40	7.20	4.80
0.00	14.40	9.60	7.20	4.80	2.40	12.00
7.20	14.40	4.80	12.00	0.00	9.60	2.40
14.40	2.40	7.20	12.00	9.60	0.00	4.80
7.20	14.40	12.00	2.40	9.60	0.00	4.80
2.40	14.40	12.00	4.80	9.60	7.20	0.00
4.80	12.00	2.40	0.00	9.60	7.20	14.40
12.00	7.20	14.40	4.80	2.40	9.60	0.00
7.20	9.60	2.40	14.40	4.80	12.00	0.00
4.80	7.20	0.00	9.60	2.40	12.00	14.40
4.80	2.40	9.60	0.00	14.40	12.00	7.20
9.60	2.40	7.20	4.80	12.00	0.00	14.40
7.20	2.40	12.00	9.60	4.80	0.00	14.40
7.20	4.80	2.40	9.60	14.40	12.00	0.00
9.60	0.00	7.20	2.40	4.80	12.00	14.40
12.00	2.40	7.20	4.80	9.60	0.00	14.40
4.80	12.00	9.60	7.20	2.40	0.00	14.40
0.00	7.20	4.80	2.40	14.40	12.00	9.60
2.40	0.00	7.20	4.80	9.60	12.00	14.40
2.40	0.00	14.40	7.20	4.80	9.60	12.00
7.20	12.00	9.60	0.00	14.40	4.80	2.40
0.00	14.40	12.00	9.60	7.20	4.80	2.40
12.00	2.40	0.00	14.40	7.20	4.80	9.60
12.00	14.40	2.40	4.80	0.00	9.60	7.20
2.40	4.80	14.40	12.00	7.20	9.60	0.00
14.40	9.60	7.20	4.80	2.40	0.00	12.00
7.20	2.40	14.40	0.00	9.60	4.80	12.00
2.40	14.40	0.00	12.00	4.80	9.60	7.20
7.20	0.00	2.40	4.80	12.00	9.60	14.40
14.40	12.00	9.60	7.20	0.00	2.40	4.80
12.00	14.40	2.40	4.80	7.20	0.00	9.60
2.40	0.00	4.80	14.40	7.20	9.60	12.00
2.40	14.40	12.00	4.80	7.20	0.00	9.60
9.60	7.20	4.80	0.00	2.40	14.40	12.00
12.00	7.20	4.80	2.40	9.60	14.40	0.00
2.40	7.20	0.00	9.60	12.00	4.80	14.40
2.40	0.00	12.00	4.80	7.20	14.40	9.60
7.20	2.40	4.80	9.60	14.40	12.00	0.00
12.00	9.60	4.80	14.40	2.40	0.00	7.20
2.40	9.60	12.00	7.20	14.40	4.80	0.00
7.20	9.60	12.00	2.40	4.80	14.40	0.00
9.60	14.40	0.00	2.40	7.20	12.00	4.80
0.00	4.80	2.40	7.20	14.40	12.00	9.60
2.40	9.60	7.20	0.00	14.40	4.80	12.00
2.40	0.00	9.60	7.20	14.40	4.80	12.00
9.60	7.20	4.80	2.40	12.00	0.00	14.40
7.20	2.40	14.40	9.60	12.00	4.80	0.00
4.80	7.20	0.00	9.60	14.40	12.00	2.40
0.00	4.80	14.40	2.40	7.20	12.00	9.60
2.40	12.00	9.60	7.20	4.80	14.40	0.00
2.40	7.20	4.80	14.40	0.00	12.00	9.60
9.60	0.00	14.40	4.80	2.40	12.00	7.20
9.60	0.00	12.00	14.40	7.20	4.80	2.40
14.40	2.40	7.20	0.00	4.80	9.60	12.00
7.20	12.00	0.00	14.40	9.60	4.80	2.40
2.40	7.20	9.60	0.00	4.80	14.40	12.00
4.80	12.00	7.20	9.60	14.40	2.40	0.00
12.00	0.00	9.60	4.80	14.40	2.40	7.20
9.60	2.40	0.00	4.80	7.20	12.00	14.40
2.40	14.40	0.00	7.20	4.80	9.60	12.00
7.20	4.80	2.40	9.60	12.00	14.40	0.00
