% Analyse des mélodies ayant donné lieu à fausse alarme dans sournote4 avec l'échelle 2, diatonique majeur.
% Au début, on définit une matrice FA de 'N_FA' lignes et 8 colonnes ; 
% chaque ligne correspond à un vecteur pattern_2_demitons. 
% Output : une table de 8 lignes correspondant aux 8 notes de l'échelle (0, 2, 4, 5, 7, 9, 11, 12)
% et 8 colonnes correspondant aux 8 positions temporelles ;
% dans chaque cellule, le nombre de fausses alarmes pour cette note à cette position temporelle.
% Le total de chaque ligne et chaque colonne est égal à N_FA.

FA = [2	7	5	0	12	9	11	4
4	9	5	0	7	12	11	2
0	5	12	2	9	11	7	4
0	9	7	11	12	2	5	4
0	11	4	7	12	2	5	9
11	2	4	5	0	12	9	7
2	7	9	0	5	4	12	11
5	0	2	12	9	7	4	11
4	12	7	9	11	0	5	2
7	12	0	4	9	11	2	5
4	11	12	9	2	0	7	5
7	4	5	2	12	11	0	9
12	7	2	11	0	5	4	9
0	2	12	4	11	7	9	5
12	2	5	4	9	7	0	11
2	12	4	5	7	0	9	11
7	5	12	11	4	0	9	2
11	7	12	4	9	2	0	5
9	4	12	5	2	7	0	11
2	9	7	4	5	0	12	11
7	9	4	12	5	0	11	2
7	0	2	5	4	9	12	11
9	12	2	4	7	0	5	11
7	12	9	0	2	4	11	5
2	0	7	9	12	5	4	11
5	12	0	11	7	4	9	2
0	4	11	5	12	7	2	9
12	7	0	11	9	4	5	2
11	4	9	7	12	5	0	2
11	7	12	4	2	0	9	5
0	12	9	7	2	4	5	11
7	4	5	0	11	9	12	2
12	2	4	7	0	11	9	5
9	4	11	0	7	12	5	2
2	7	12	4	0	9	11	5
7	0	12	11	4	9	5	2
5	7	2	11	9	0	4	12
4	2	5	9	7	0	12	11
4	11	7	12	2	9	0	5
0	4	11	2	7	12	5	9
9	0	5	7	4	11	12	2
5	0	4	12	9	2	7	11
0	5	9	12	4	11	7	2
4	5	0	12	2	11	7	9
5	0	12	2	11	7	9	4
5	9	11	12	2	7	4	0
12	4	11	0	2	5	7	9
7	2	0	9	5	12	11	4
2	4	5	7	11	0	9	12
11	4	12	2	7	5	9	0
2	0	11	12	9	4	7	5
4	9	5	0	2	12	11	7
7	12	0	5	2	11	9	4
7	0	2	9	4	12	5	11
11	4	7	12	5	9	0	2
11	7	0	4	12	9	2	5
2	12	11	9	5	0	7	4
7	0	12	9	4	2	5	11
12	11	9	0	7	4	2	5
0	11	4	9	2	7	12	5
0	11	7	9	2	4	5	12
0	11	2	9	7	12	4	5
4	5	0	7	2	12	11	9
4	12	7	0	2	9	11	5
7	2	4	12	11	0	9	5
0	2	5	9	7	12	4	11
0	4	5	11	7	9	12	2
5	4	9	12	11	0	7	2
4	5	0	9	7	11	12	2
5	11	0	4	9	12	7	2
4	9	2	11	12	0	7	5
4	9	2	0	12	11	7	5
0	7	11	2	9	12	4	5
2	9	12	7	0	4	11	5
0	9	12	5	7	11	4	2
2	12	7	0	9	11	4	5
7	12	0	11	9	2	5	4
9	0	11	4	7	5	12	2
0	2	7	5	4	9	12	11
2	4	11	9	7	12	5	0
4	5	11	2	0	7	12	9
9	2	7	4	0	12	11	5
7	0	9	12	2	4	5	11
9	7	2	12	0	4	11	5
7	0	2	9	11	12	5	4
0	7	9	2	4	5	12	11
0	11	9	7	4	12	5	2
7	4	12	9	0	2	11	5
7	2	9	0	4	12	11	5
7	0	2	4	11	9	12	5
0	4	2	12	5	9	11	7
7	9	4	5	0	2	12	11
7	5	12	9	4	0	11	2
12	7	4	0	11	2	9	5
4	5	7	0	11	12	2	9
7	5	11	9	0	12	4	2
7	12	0	9	11	4	5	2
4	7	5	12	9	0	11	2
2	4	9	5	7	0	12	11
9	2	12	4	5	0	11	7
9	4	7	11	12	0	5	2
11	5	4	0	12	9	7	2
4	5	2	7	0	11	12	9
12	4	11	2	9	5	7	0
12	11	5	9	4	7	0	2
7	12	11	4	2	9	0	5
5	0	9	7	2	4	12	11
12	11	0	4	5	9	7	2
12	0	5	11	7	4	9	2
11	9	0	4	7	5	12	2
11	2	4	9	0	12	7	5
2	7	12	5	11	0	9	4
11	4	9	5	0	12	7	2
2	0	7	4	9	12	11	5
9	12	4	2	7	5	0	11
12	5	9	0	7	2	4	11
9	0	11	4	12	7	5	2
11	5	12	0	4	9	7	2
7	0	12	2	4	11	9	5
9	0	5	4	12	11	2	7
0	7	4	11	9	2	12	5
12	4	5	7	0	9	2	11
11	9	4	7	2	0	12	5
0	7	2	12	9	5	4	11
7	2	11	12	4	9	5	0
12	0	7	9	11	4	5	2
9	4	7	2	5	0	12	11
9	0	11	2	4	12	7	5
12	2	9	4	5	7	0	11
12	11	7	2	0	9	4	5
12	7	0	9	4	11	2	5
0	5	7	4	9	2	12	11
2	5	4	7	12	0	11	9
9	11	12	4	5	0	7	2
12	2	0	7	9	4	5	11
2	0	11	12	7	4	9	5
12	7	5	11	2	4	0	9
2	4	9	11	7	0	12	5
5	11	9	4	0	12	2	7
7	2	12	0	4	5	11	9
0	9	7	4	11	12	5	2
12	7	4	9	11	0	2	5
5	2	0	7	12	9	11	4
7	9	4	5	0	2	12	11
0	7	9	2	4	12	5	11
12	4	2	9	7	0	11	5
7	12	9	4	0	5	2	11
2	7	5	0	4	9	12	11
4	5	7	12	2	9	0	11
7	12	2	9	0	11	5	4
2	12	0	11	9	5	4	7
7	11	5	0	9	4	12	2
0	2	4	11	12	7	9	5
5	7	9	2	4	12	0	11
9	2	5	7	12	4	11	0
0	4	2	7	11	12	9	5
11	7	0	12	5	9	4	2
5	0	12	9	4	7	2	11
9	11	7	0	2	4	12	5
4	9	11	0	7	2	12	5
2	12	5	7	0	11	9	4
4	5	9	2	11	12	0	7
11	12	7	2	0	5	9	4
9	12	7	4	2	0	5	11
0	11	5	7	9	2	4	12
9	7	0	11	4	2	5	12
0	9	7	11	5	4	12	2
0	5	2	7	9	4	11	12
9	4	2	12	7	11	5	0
2	0	7	4	5	12	11	9
9	0	5	7	4	11	12	2
11	2	4	7	5	12	0	9
7	4	11	2	5	0	9	12
5	11	9	0	12	4	7	2
2	12	4	7	11	9	5	0
7	5	11	9	12	4	2	0
9	12	4	11	0	2	7	5
0	7	4	2	9	12	11	5
12	5	2	9	4	7	0	11
9	7	12	4	2	11	0	5
0	7	12	11	4	2	9	5
12	11	4	5	9	0	7	2
12	4	7	11	9	2	0	5
12	7	11	2	0	4	9	5
4	7	2	9	12	0	11	5
7	12	2	0	11	9	5	4
0	12	5	4	11	2	7	9
11	7	9	4	0	5	12	2
12	9	4	5	0	2	7	11
7	5	11	2	9	12	0	4
4	12	7	11	2	0	9	5
4	9	12	2	0	5	11	7
2	9	7	0	11	12	4	5
4	7	2	9	12	11	0	5
12	2	0	11	7	4	9	5
9	12	0	11	7	4	5	2
9	2	7	0	5	4	12	11
12	4	2	9	11	7	5	0
0	12	11	9	2	4	7	5
9	7	2	0	5	11	12	4
4	7	0	9	11	2	12	5
7	12	9	0	2	4	5	11
12	5	7	9	2	4	0	11
2	12	7	4	0	9	11	5
9	7	0	2	12	5	4	11
9	12	0	4	7	5	11	2
9	11	0	12	4	7	5	2
12	11	4	9	0	2	7	5
5	9	11	4	12	0	7	2
12	0	2	7	9	4	5	11
0	2	9	12	7	5	4	11
7	12	11	2	0	4	9	5
4	12	2	0	5	11	9	7
5	2	4	11	0	12	9	7
5	7	11	9	2	12	0	4
5	9	11	2	12	7	4	0
12	5	2	0	4	7	9	11
7	2	4	9	12	0	5	11
9	12	7	5	0	4	2	11
9	7	0	4	12	2	11	5
4	9	0	12	11	7	5	2
9	7	2	0	4	5	12	11
4	11	0	12	5	9	2	7
11	5	12	0	7	2	9	4
12	0	11	9	2	7	5	4
5	2	4	12	11	0	7	9
2	7	9	4	5	11	0	12
11	0	5	12	4	7	9	2
2	7	11	12	4	9	5	0
12	0	11	5	9	2	4	7
4	5	2	7	9	0	12	11
2	12	9	4	11	5	7	0
12	5	0	4	7	2	11	9
2	11	0	4	12	9	7	5
4	9	12	0	2	7	5	11
11	0	7	2	4	9	12	5
2	11	9	7	5	12	0	4
5	7	2	9	12	0	11	4
0	7	11	4	12	5	9	2
11	7	12	2	5	0	4	9
4	11	2	0	5	12	7	9
7	9	11	12	4	5	2	0
4	2	12	7	0	11	9	5
5	12	11	4	9	7	2	0
7	11	4	2	12	5	9	0
12	9	11	2	0	5	7	4
4	9	0	5	2	11	12	7
4	5	2	0	11	7	9	12
0	4	12	2	5	9	11	7
4	9	0	12	11	5	7	2
2	4	0	9	7	5	12	11
5	7	4	12	11	9	0	2
0	7	4	11	5	2	9	12
4	12	0	2	11	7	9	5
2	11	5	7	12	9	4	0
0	12	4	5	2	9	7	11
9	12	4	2	5	7	11	0
9	11	5	2	4	12	7	0
4	12	11	9	7	0	2	5
12	2	9	11	0	5	4	7
11	9	5	4	12	7	2	0
9	7	5	12	0	4	2	11
5	2	12	4	0	11	9	7
7	2	4	11	5	12	0	9
0	2	12	9	7	5	11	4
2	0	7	5	9	11	4	12
2	12	5	4	9	11	0	7
7	12	5	2	4	0	9	11
9	4	12	2	0	7	11	5
9	4	0	5	11	7	12	2
0	9	5	12	7	4	2	11
4	7	2	0	11	5	12	9
2	12	7	9	4	5	0	11
5	0	12	2	9	7	4	11
9	5	12	7	2	0	4	11
9	12	5	2	7	0	11	4
12	7	2	4	11	9	5	0
11	12	9	0	7	2	4	5
9	11	5	12	2	4	7	0
9	12	4	0	7	2	11	5
5	0	4	11	9	2	12	7
2	12	7	9	0	5	4	11
7	12	9	2	4	0	5	11
11	7	2	4	9	0	12	5
2	7	5	0	9	12	4	11
7	12	11	5	0	4	9	2
0	9	2	12	7	11	4	5
0	9	2	7	12	11	4	5
12	9	5	2	4	0	11	7
0	12	7	11	5	4	9	2
2	12	0	5	7	11	9	4
2	12	0	5	9	4	7	11
5	7	9	12	11	0	2	4
4	9	0	7	12	5	2	11
7	11	2	9	0	4	5	12
2	4	0	12	5	7	11	9
4	2	11	12	9	0	7	5
0	4	7	2	12	5	11	9
4	9	12	5	11	0	2	7
9	7	11	4	2	0	5	12
4	9	0	11	7	12	2	5
7	0	12	5	4	2	11	9
4	0	9	12	7	2	11	5
9	2	0	7	12	5	11	4
9	7	2	11	12	0	5	4
2	7	5	12	9	11	4	0
0	2	4	7	11	5	12	9
0	12	9	7	11	2	5	4
12	11	4	7	9	5	2	0
5	11	2	9	7	0	4	12
7	9	2	12	5	4	0	11
4	11	9	12	5	0	2	7
2	12	5	0	11	9	7	4
2	12	11	0	4	5	7	9
2	5	9	12	0	7	4	11
0	7	2	5	4	12	11	9
2	5	12	4	11	7	0	9
11	0	9	4	5	12	2	7
11	7	4	5	12	2	0	9
11	9	2	5	0	12	7	4
4	5	7	2	11	12	0	9
11	0	9	4	7	5	2	12
7	2	11	12	9	0	5	4
12	2	7	11	9	0	5	4
4	2	12	9	11	0	7	5
2	12	0	5	9	4	11	7
0	4	7	9	5	12	11	2
9	4	12	5	7	11	2	0
12	0	7	2	9	11	5	4
11	0	7	5	9	4	2	12
5	12	4	7	2	0	9	11
5	2	12	11	7	9	0	4
2	9	12	7	5	11	0	4
0	12	2	9	5	4	11	7
7	0	4	5	11	12	9	2
12	11	4	2	7	0	9	5
7	2	9	0	11	12	5	4
7	2	5	4	9	11	12	0
7	12	9	11	5	4	0	2
5	0	7	4	9	2	12	11
7	0	12	11	5	9	2	4
2	7	0	9	12	5	11	4
5	4	7	11	2	12	0	9
12	0	11	5	7	9	4	2
11	7	4	9	12	2	5	0
2	7	12	0	9	11	5	4
0	11	7	12	9	5	4	2
7	2	12	9	5	4	11	0
0	12	11	5	4	2	9	7
7	9	11	2	12	5	4	0
5	9	7	0	12	11	2	4
5	2	7	9	0	11	4	12
4	0	11	12	9	7	5	2
0	12	7	2	11	5	4	9
0	2	7	12	9	5	4	11
12	5	4	9	11	0	7	2
5	4	7	11	12	9	2	0
12	9	7	5	4	0	2	11
11	7	4	2	5	12	9	0
4	5	11	7	2	12	0	9
7	4	12	11	2	0	9	5
11	2	0	5	4	9	12	7
11	9	0	7	12	5	4	2
11	2	12	0	9	5	4	7
4	7	0	5	9	2	12	11
9	7	0	12	2	5	4	11
7	2	11	12	0	5	4	9
9	12	2	4	11	5	7	0
0	9	11	5	4	2	12	7
5	7	0	9	4	2	12	11
12	7	0	9	2	11	5	4
4	2	11	9	5	12	0	7
12	5	0	7	4	11	2	9
4	9	5	0	7	12	11	2
9	2	11	0	12	5	4	7
12	7	2	11	5	4	0	9
12	2	7	9	11	4	5	0
11	0	2	12	5	4	9	7
7	2	0	12	9	5	4	11
9	7	11	2	12	5	4	0
11	12	4	9	5	2	7	0
2	11	0	4	5	12	9	7
4	11	2	12	5	0	9	7
11	5	0	4	9	7	12	2
11	4	5	9	7	12	0	2
9	0	5	11	7	12	4	2
7	2	0	12	4	9	11	5
2	12	5	4	11	0	7	9
9	0	12	7	5	4	11	2
12	7	0	5	4	11	9	2
