% Calcul de statistiques sur la liste des omissions faites par un sujet dans sournote4 avec l'échelle 3, tons entiers
% Au début, on donne une matrice de 'Nomissions' lignes et 14 colonnes (pattern_1_demitons pattern_2_demitons). 
% Output :
% Pour pattern 2 :
% --- Position_sour, temporal position of the sour note. Vector 7 columns ; values : 1 --> 7
% --- Interv_sour, melodic interval leading to the sour note. Vector 6 columns ; values : 1, 3, 5, 7, 9, 11
% --- Violation_type. Vector 10 columns ; values : 2-1, 2-3, 4-3, 4-5, 6-5, 6-7, 8-7, 8-9, 10-9, 10-11
% --- Average_mel_P2, average size of the successive melodic intervals. Scalar
% --- Std_mel_P2, standard deviation of the successive melodic intervals. Scalar
% Pour pattern 1 :
% --- Position_2nd_key, position of the 2nd key note presentation. Vector 7 columns ; values : 1 --> 7
%      (statistique équivalente à Position_key_unambiguous pour cette échelle 3)
% --- Average_mel_P1, average size of the successive melodic intervals. Scalar
% --- Std_mel_P1, standard deviation of the successive melodic intervals. Scalar
% Et finalement :
% --- Corr_P1_P2, Spearman correlation between the melodic contours of P1 and P2. Scalar
%

Omissions = [4	12	0	6	10	8	2		7	2	6	10	0	12	4
2	6	0	12	10	8	4		0	2	12	5	8	10	6
12	4	6	10	8	2	0		1	6	12	0	10	4	8
2	8	4	6	0	12	10		4	8	6	1	10	0	12
2	12	6	0	8	10	4		12	1	10	0	8	4	6
0	10	12	2	6	4	8		1	10	4	6	12	0	8
8	10	6	2	4	0	12		2	12	0	5	10	6	8
4	8	0	2	12	6	10		12	8	0	4	10	3	6
8	12	0	4	10	6	2		2	6	0	4	7	12	10
12	8	2	10	4	6	0		6	2	12	8	4	0	11
0	6	4	8	10	12	2		3	0	12	10	8	6	2
4	0	12	6	8	2	10		5	4	0	2	12	8	10
8	0	10	12	2	6	4		6	10	4	2	0	7	12
4	10	8	0	2	12	6		12	6	8	2	10	3	0
10	4	6	2	8	0	12		10	0	12	8	3	2	6
12	2	10	6	4	0	8		3	12	2	0	8	6	10
2	10	8	12	6	4	0		12	10	4	0	7	2	6
2	12	0	6	10	8	4		10	12	5	2	0	8	6
10	12	6	4	2	0	8		1	4	0	12	6	10	8
10	2	6	8	4	12	0		2	10	6	12	9	4	0
0	2	6	8	4	12	10		3	12	8	10	6	2	0
6	10	8	2	12	4	0		8	10	4	6	0	12	3
4	6	12	2	10	8	0		0	5	10	6	12	8	2
2	8	0	6	12	4	10		8	1	0	6	4	12	10
4	10	2	12	0	6	8		3	10	0	4	6	8	12
6	4	12	2	8	0	10		12	4	8	2	11	0	6
4	0	8	2	12	6	10		12	3	8	10	6	0	4
12	2	8	10	4	6	0		12	2	8	6	0	4	9
0	4	6	10	12	8	2		2	12	8	4	6	11	0
0	4	10	6	12	8	2		5	0	2	8	12	4	10
12	8	6	4	10	0	2		8	5	12	0	10	2	4
4	12	8	0	6	2	10		0	6	10	12	2	4	9
2	4	12	10	8	6	0		5	2	8	0	10	12	6
12	8	4	10	6	2	0		11	4	2	6	8	0	12
6	4	2	12	8	0	10		9	4	0	6	2	12	8
2	10	8	6	12	4	0		8	2	6	4	0	9	12
2	4	0	10	8	12	6		10	5	12	8	0	2	4
10	8	6	12	2	0	4		10	12	6	4	2	0	9
10	4	12	0	6	8	2		2	6	4	7	0	12	10
2	0	4	10	6	12	8		2	0	12	8	6	3	10
12	2	8	4	6	10	0		5	12	10	0	8	2	4
8	12	2	6	4	10	0		0	7	10	2	4	12	6
0	8	2	4	6	12	10		10	5	12	6	0	2	8
6	2	0	10	4	12	8		2	8	0	11	6	4	12
10	12	8	2	0	4	6		2	8	0	5	10	4	12
2	6	4	12	10	0	8		3	12	10	0	6	8	4
12	10	4	2	0	8	6		0	8	2	11	6	4	12
6	10	0	8	12	2	4		11	0	2	4	8	6	12
2	0	10	4	6	8	12		8	6	10	3	12	2	0
0	4	2	10	12	8	6		2	0	10	5	12	8	6
4	12	6	8	10	0	2		6	4	12	3	10	0	8
2	10	0	6	12	8	4		12	6	0	10	2	8	3
8	2	4	6	10	0	12		4	6	8	12	2	0	9
10	6	12	2	4	0	8		12	3	0	6	10	8	4
10	0	12	2	8	6	4		10	2	0	4	9	12	6
2	10	0	12	4	8	6		9	6	12	8	4	2	0
2	0	6	4	10	8	12		5	2	10	12	0	8	6
12	8	6	4	2	0	10		11	2	6	12	4	8	0
12	4	6	0	2	10	8		0	6	2	4	10	12	7
4	10	12	0	6	8	2		0	12	8	2	6	11	4
12	2	10	4	0	8	6		12	4	6	8	0	2	11
10	12	0	8	4	2	6		1	6	10	8	12	0	4
2	6	10	4	8	12	0		5	12	10	6	2	0	8
12	10	0	4	8	6	2		3	10	0	6	12	2	8
8	0	10	2	4	6	12		11	2	6	12	8	0	4
12	10	4	0	8	6	2		3	6	10	8	2	12	0
2	0	4	8	6	12	10		3	0	8	4	6	10	12
8	0	6	2	12	4	10		10	1	4	12	0	6	8
4	8	6	2	12	10	0		12	0	6	4	8	10	3
4	2	6	12	0	10	8		7	0	10	2	4	12	8
12	2	8	6	4	10	0		3	6	4	0	8	12	10
4	8	0	6	2	10	12		4	12	2	6	8	0	11
0	2	8	12	4	6	10		10	0	2	4	12	8	5
10	6	0	4	12	8	2		7	12	0	10	6	2	4
4	2	10	12	0	6	8		4	10	2	0	5	12	8
12	4	8	0	6	10	2		12	0	4	8	10	6	1
2	10	0	12	8	6	4		6	8	12	2	9	4	0
12	4	10	2	8	0	6		1	10	12	4	8	6	0
0	12	6	8	4	2	10		4	7	0	2	12	8	10
8	6	2	12	0	4	10		8	4	10	2	7	0	12
0	2	6	4	12	8	10		12	3	10	2	0	6	8
6	4	8	2	12	10	0		4	10	12	2	5	0	8
8	4	6	2	0	10	12		0	12	8	10	5	2	6
10	0	4	6	2	8	12		0	2	4	6	10	12	9
0	10	6	12	2	8	4		0	11	4	8	6	2	12
0	4	10	2	8	6	12		0	12	2	8	6	11	4
12	10	6	8	2	4	0		4	0	10	8	2	12	7
8	10	6	2	0	4	12		3	0	10	2	8	6	12
6	10	8	4	12	0	2		9	6	12	0	8	2	4
0	4	8	6	2	12	10		0	11	8	4	2	6	12
4	2	12	8	0	6	10		8	10	6	3	0	12	2
8	10	12	6	4	0	2		12	2	8	0	6	4	11
8	10	2	0	12	6	4		9	6	4	12	2	8	0
4	6	2	0	8	12	10		5	8	2	12	6	0	10
0	2	10	12	6	4	8		8	0	11	2	12	6	4
4	6	12	2	8	0	10		7	12	0	10	4	6	2
2	8	10	4	0	12	6		5	0	12	4	8	10	2
8	12	2	0	4	6	10		0	2	6	8	12	10	3
0	6	4	2	8	10	12		2	10	5	0	4	8	12
10	6	2	8	4	12	0		3	8	6	0	10	2	12
0	12	2	6	10	4	8		9	2	6	12	0	10	4
2	0	8	4	6	12	10		2	7	12	4	10	8	0
12	4	2	6	10	8	0		1	4	6	8	10	12	0
10	6	8	12	4	2	0		10	2	0	5	12	6	8
0	10	8	6	2	12	4		4	2	12	0	8	6	9
6	4	2	10	12	8	0		4	0	12	8	2	6	11
12	0	4	10	6	8	2		5	6	2	8	10	12	0
4	12	2	0	8	6	10		7	0	10	12	2	4	8
6	8	2	0	10	12	4		6	8	0	11	4	12	2
4	6	8	2	10	12	0		12	4	0	6	9	2	10
8	0	2	6	4	12	10		2	8	0	10	6	3	12
10	4	12	8	6	2	0		2	4	8	12	5	0	10
0	4	10	8	12	6	2		11	6	2	12	8	0	4
6	0	2	8	10	4	12		3	12	4	0	10	6	8
4	6	8	0	2	12	10		3	6	12	10	2	0	8
4	0	2	12	6	10	8		6	4	8	10	0	12	3
12	0	4	2	8	6	10		2	8	0	6	10	3	12
0	8	6	4	10	12	2		0	8	6	11	2	12	4
8	10	2	6	4	12	0		0	12	8	6	4	1	10
4	10	2	12	6	0	8		2	10	8	0	4	12	5
8	10	12	4	0	2	6		3	6	10	12	4	0	8
8	2	12	6	10	0	4		1	4	10	6	0	12	8
6	4	10	0	12	2	8		10	8	2	6	0	12	5
4	10	8	2	0	12	6		5	10	0	8	12	6	2
4	10	12	6	0	2	8		1	12	8	0	6	10	4
6	10	12	4	8	2	0		8	6	2	0	12	3	10
8	6	4	10	0	12	2		10	6	8	5	2	12	0
10	0	12	2	4	8	6		8	12	2	0	10	6	3
10	2	0	6	12	8	4		11	4	2	0	8	12	6
12	6	0	8	2	4	10		12	6	10	8	0	5	2
12	2	8	6	4	10	0		3	10	8	2	6	12	0
0	4	12	10	2	6	8		12	10	4	2	0	5	8
10	4	12	0	6	8	2		0	12	6	10	2	8	5
0	2	8	6	12	4	10		8	4	6	1	12	10	0
2	10	4	0	6	12	8		5	10	2	6	0	8	12
2	8	6	12	10	4	0		9	4	2	12	0	6	8
0	12	6	2	8	4	10		7	12	2	10	4	0	8
4	10	8	0	6	12	2		7	0	6	4	10	2	12
2	10	8	6	12	0	4		0	10	6	2	8	12	5
6	8	4	10	0	2	12		3	10	6	0	8	2	12
10	4	8	6	12	2	0		6	12	2	8	0	10	3
2	6	10	4	8	12	0		0	12	10	4	8	2	7
8	0	12	10	4	2	6		2	11	0	4	12	6	8
2	0	12	10	4	6	8		4	9	0	12	2	10	6
6	4	10	2	12	0	8		7	2	12	10	4	6	0
0	10	6	2	8	4	12		12	1	6	4	8	10	0
8	10	0	6	12	2	4		12	1	8	0	10	6	4
10	0	4	6	2	12	8		10	12	3	0	6	2	8
0	4	6	8	10	12	2		11	4	0	8	2	12	6
10	6	4	2	8	0	12		1	4	8	0	12	6	10
12	6	4	8	2	10	0		9	2	12	4	0	10	6
2	6	10	8	0	12	4		9	0	12	4	10	2	6
0	10	12	2	8	4	6		8	6	12	2	4	9	0
8	6	10	0	2	12	4		9	0	12	2	8	6	4
12	10	2	4	0	6	8		3	10	12	6	0	2	8
2	8	4	0	12	10	6		12	0	8	6	4	2	9
4	2	12	10	8	0	6		7	4	0	12	6	2	10
8	10	0	2	4	12	6		0	11	6	12	2	4	8
10	6	8	2	4	12	0		10	2	8	0	12	4	7
12	4	8	10	6	0	2		10	4	2	6	0	12	7
0	2	6	10	8	12	4		0	2	8	4	11	6	12
8	6	10	4	2	0	12		0	12	4	6	8	3	10
8	2	10	12	0	4	6		10	6	8	0	4	12	3
8	6	10	12	0	2	4		12	6	2	0	7	4	10
2	0	10	6	8	4	12		6	4	0	9	12	2	10
8	2	0	4	12	10	6		2	10	12	7	4	6	0
0	4	12	2	8	6	10		12	9	4	8	2	6	0
0	4	6	8	10	2	12		7	12	2	10	0	4	8
2	4	10	0	12	8	6		5	10	12	4	2	8	0
0	8	10	6	2	12	4		7	10	2	12	8	0	4
4	6	10	8	12	0	2		7	0	2	10	6	12	4
10	12	2	8	4	0	6		4	0	8	11	2	12	6
4	2	0	10	6	12	8		4	2	9	6	0	10	12
8	2	4	12	0	6	10		8	6	4	0	10	12	3
10	6	8	12	0	4	2		9	2	10	12	4	6	0
8	6	2	0	12	10	4		3	6	2	10	8	12	0
2	8	6	10	12	0	4		8	12	4	0	6	1	10
2	8	12	0	6	4	10		0	8	10	4	12	2	7
8	2	12	10	4	6	0		2	6	12	5	10	8	0
0	10	4	12	8	6	2		9	4	12	6	0	2	10
6	10	4	0	8	12	2		6	8	0	12	4	9	2
12	6	0	8	10	2	4		1	6	10	4	0	12	8
0	12	6	8	2	10	4		5	2	8	6	12	10	0
4	10	8	6	2	0	12		12	3	6	0	2	10	8
6	4	10	2	0	8	12		1	4	6	10	0	12	8
2	4	0	12	8	6	10		2	6	0	11	12	8	4
2	8	10	6	12	4	0		7	10	0	6	12	2	4
4	0	6	2	8	10	12		2	0	5	6	12	10	8
2	4	12	10	6	0	8		7	4	10	12	2	0	8
12	8	2	0	6	4	10		4	7	12	2	0	10	6
2	8	6	0	4	12	10		6	0	3	10	12	8	2
0	6	2	10	8	12	4		11	2	6	0	8	4	12
6	2	0	8	12	10	4		7	0	12	10	4	6	2
10	8	2	12	4	0	6		6	0	12	9	2	8	4
12	2	4	10	8	6	0		2	8	5	0	12	10	6
4	2	12	10	8	0	6		8	1	0	12	4	10	6
12	8	10	6	0	2	4		0	7	4	10	2	12	6
4	8	0	2	6	12	10		7	12	4	0	2	8	10
12	6	8	4	10	0	2		2	4	10	5	12	0	8
